#YANG,[YANG,o,h,l,c,v,macdh,rsi,ema13,ema48,bb20U,bb20M,bb20L,ema200,vwapU,vwapM,vwapL],2025-02-14 15:44:45.296585
230217,195.602,200.6,194.6,197.6,348919.0,nan,nan,nan,nan,nan,nan,nan,nan,197.6,197.6,197.6
230221,201.6,204.8,197.4,204.0,310057.0,nan,nan,nan,nan,nan,nan,nan,nan,204.16052,199.70163,195.24273
230222,204.6,211.998,203.0,209.0,283193.0,nan,nan,nan,nan,nan,nan,nan,nan,210.66948,202.19571,193.72195
230223,200.0,217.392,198.6,213.0,313163.0,nan,nan,nan,nan,nan,nan,nan,nan,213.83958,204.0588,194.27802
230224,231.2,236.32,226.6,233.0,362180.0,nan,nan,nan,nan,nan,nan,nan,nan,235.12614,210.30919,185.49224
230227,222.44,227.2,222.2,223.2,226760.0,nan,nan,nan,nan,nan,nan,nan,nan,236.98482,212.01712,187.04942
230228,229.6,233.1,225.2,231.8,174401.0,nan,nan,nan,nan,nan,nan,nan,nan,239.49671,213.57361,187.65051
230301,198.4,206.0,197.8,203.2,365362.0,nan,nan,nan,nan,nan,nan,nan,nan,237.04227,211.851,186.65972
230302,203.2,204.9,191.006,192.2,341247.0,nan,nan,nan,nan,nan,nan,nan,nan,235.65308,209.87063,184.08819
230303,193.4,195.0,191.3,192.6,169642.0,nan,nan,nan,nan,nan,nan,nan,nan,235.12572,208.88006,182.63441
230306,196.8,199.8,193.2,199.2,238558.0,nan,nan,nan,nan,nan,nan,nan,nan,233.95738,208.00606,182.05475
230307,202.4,211.2,202.4,210.2,293029.0,nan,nan,nan,nan,nan,nan,nan,nan,232.81675,207.99984,183.18294
230308,217.6,219.334,214.4,216.8,272578.0,nan,nan,209.68,nan,nan,nan,nan,nan,232.97968,208.6516,184.32353
230309,227.4,243.0,227.2,241.8,466706.0,nan,nan,214.27,nan,nan,nan,nan,nan,241.06933,211.8649,182.66047
230310,242.8,246.8,236.2,242.0,440579.0,nan,65.5028,218.23,nan,nan,nan,nan,nan,247.55753,214.7153,181.87308
230313,241.0,242.8,232.2,237.6,298132.0,nan,63.4047,221.0,nan,nan,nan,nan,nan,249.7468,216.10235,182.4579
230314,239.2,242.2,232.0,233.2,193206.0,nan,61.2906,222.74,nan,nan,nan,nan,nan,250.6962,216.8489,183.00161
230315,245.0,251.6,241.8,242.0,291589.0,nan,63.8843,225.49,nan,nan,nan,nan,nan,253.69815,218.37924,183.06033
230316,247.4,247.802,232.8,233.4,210356.0,nan,59.676,226.62,nan,nan,nan,nan,nan,254.55985,219.11633,183.67281
230317,231.0,240.954,228.9,235.8,211152.0,nan,60.4588,227.93,nan,254.06,219.58,185.1,nan,255.01303,219.70143,184.38984
230320,242.2,244.4,230.23,236.4,163000.0,nan,60.6644,229.14,nan,255.19,221.52,187.85,nan,255.4539,220.17371,184.89352
230321,226.6,229.12,221.622,223.2,196846.0,nan,54.011,228.29,nan,255.18,222.48,189.78,nan,255.06491,220.31642,185.56793
230322,217.0,221.9,211.8,221.8,229123.0,nan,53.3427,227.37,nan,255.23,223.12,191.01,nan,254.37886,220.25139,186.12392
230323,199.8,206.6,192.2,201.6,310920.0,nan,44.7415,223.68,nan,255.75,222.55,189.35,nan,253.70322,219.31928,184.93533
230324,207.8,207.8,201.6,203.2,197105.0,nan,45.4912,220.76,nan,254.92,221.06,187.2,nan,253.14962,218.88787,184.62612
230327,215.2,219.2,213.6,215.6,173959.0,nan,51.0358,220.02,nan,254.6,220.68,186.76,nan,252.66928,218.82021,184.97114
230328,197.2,199.9,189.6,190.2,304117.0,nan,41.6827,215.76,nan,254.58,218.6,182.62,nan,252.4361,217.76666,183.09721
230329,192.0,195.798,187.0,189.4,158783.0,nan,41.4252,212.0,nan,255.54,217.91,180.28,nan,252.36734,217.19771,182.02807
230330,183.8,185.4,178.2,180.0,230219.0,nan,38.4216,207.42,nan,256.92,217.3,177.68,nan,252.86346,216.13179,179.40013
230331,184.0,188.598,182.7,186.6,122351.0,nan,41.6221,204.45,nan,257.44,217.0,176.56,nan,252.86431,215.66444,178.46456
230403,187.6,191.6,186.4,189.8,169007.0,nan,43.1645,202.36,nan,257.99,216.53,175.07,nan,189.26667,189.26667,189.26667
230404,195.0,197.1,190.8,192.0,197010.0,nan,44.255,200.88,nan,258.38,215.62,172.86,nan,195.45913,191.43762,187.41611
230405,194.2,202.6,193.8,199.4,239355.0,nan,47.8775,200.67,nan,258.08,214.75,171.42,nan,201.93973,194.26952,186.59931
230406,199.2,200.2,189.5,192.0,193799.0,-4.266633,44.7461,199.43,nan,254.8,212.26,169.72,nan,200.86314,194.17991,187.49668
230410,196.2,198.4,193.6,194.2,147870.0,-3.502412,45.8794,198.68,nan,250.8,209.87,168.94,nan,200.57333,194.37041,188.1675
230411,189.2,194.2,187.4,193.2,167434.0,-2.886049,45.4233,197.9,nan,247.12,207.65,168.18,nan,200.00524,193.9542,187.90316
230412,196.6,211.2,196.4,210.0,306974.0,-1.252139,53.7426,199.63,nan,244.21,206.49,168.77,nan,207.69902,196.5268,185.35457
230413,197.0,198.4,193.8,195.4,202001.0,-1.067124,47.0328,199.02,nan,238.42,204.16,169.9,nan,206.90782,196.44466,185.9815
230414,198.0,204.798,197.1,202.4,206078.0,-0.419052,50.2406,199.51,nan,234.13,202.61,171.09,nan,207.35511,197.00651,186.65791
230417,188.4,191.2,186.2,187.0,238809.0,-0.94328,43.9365,197.72,nan,228.42,200.17,171.92,nan,207.24666,195.98202,184.71737
230418,184.0,189.92,183.208,188.6,165784.0,-1.087751,44.7127,196.42,nan,221.01,197.78,174.55,nan,207.10058,195.33351,183.56644
230419,196.6,198.2,194.0,195.2,178699.0,-0.665056,47.9161,196.24,nan,216.47,196.38,176.29,nan,206.69364,195.36806,184.04248
230420,195.6,201.5,191.6,199.2,188112.0,-0.073442,49.8139,196.67,nan,211.71,195.25,178.79,nan,206.47811,195.51743,184.55675
230421,207.8,211.8,206.4,208.2,202417.0,0.912289,53.8856,198.31,nan,212.78,195.58,178.38,nan,209.07565,196.4765,183.87736
230424,212.4,217.12,211.8,215.0,177810.0,1.950895,56.7412,200.7,nan,215.1,196.17,177.24,nan,212.50261,197.55986,182.6171
230425,227.0,234.3,226.0,233.4,323891.0,3.704033,63.3541,205.37,nan,220.66,197.06,173.46,nan,225.40223,200.85982,176.31741
230426,215.0,223.0,214.396,222.2,185627.0,3.91568,57.5838,207.77,nan,224.42,198.66,172.9,nan,227.22886,201.87049,176.51212
230427,219.0,220.2,210.0,211.6,151989.0,3.179421,52.6922,208.32,209.76,225.75,199.77,173.79,nan,227.66192,202.37381,177.0857
230428,213.4,214.798,209.026,210.0,95900.0,2.45474,51.9745,208.56,209.77,225.95,201.27,176.59,nan,227.72194,202.60213,177.48232
230501,211.6,212.4,206.5,212.0,122429.0,1.999455,52.8392,209.05,209.86,226.67,202.54,178.41,nan,227.71134,202.84622,177.98111
230502,218.4,228.8,218.4,225.2,182727.0,2.447089,58.1899,211.36,210.49,229.61,204.31,179.01,nan,229.66429,203.80814,177.952
230503,226.0,228.6,222.8,227.2,182205.0,2.716854,58.9498,213.62,211.17,232.57,206.07,179.57,nan,231.6522,204.77359,177.89498
230504,213.8,213.8,206.8,209.4,221950.0,1.591211,50.2038,213.02,211.1,232.92,206.57,180.22,nan,231.33247,205.03439,178.73631
230505,205.0,208.0,199.984,201.0,162536.0,0.246221,46.6839,211.3,210.68,232.66,207.02,181.38,nan,230.8038,204.96248,179.12116
230508,194.4,198.826,194.2,196.6,152612.0,-0.911036,44.9077,209.2,210.11,232.56,207.14,181.72,nan,230.28904,204.69268,179.09632
230509,210.8,211.812,205.2,206.4,164940.0,-0.981672,49.5149,208.8,209.96,232.41,207.8,183.19,nan,229.98605,204.79682,179.60758
230510,211.8,214.598,207.998,210.8,195564.0,-0.709912,51.4769,209.09,209.99,232.47,207.84,183.21,nan,229.86146,205.03863,180.2158
230511,211.0,212.1,202.996,203.8,175744.0,-0.963692,48.2633,208.33,209.74,232.31,208.26,184.21,nan,229.49233,205.08042,180.6685
230512,213.4,221.132,213.0,220.0,130211.0,-0.050802,55.2291,210.0,210.16,233.55,209.14,184.73,nan,229.83276,205.39131,180.94986
230515,202.4,205.2,190.0,191.4,278261.0,-1.313436,43.9729,207.34,209.39,233.03,209.36,185.69,nan,229.1241,204.91072,180.69734
230516,201.0,201.0,195.0,196.4,157813.0,-1.726191,46.0433,205.78,208.86,232.27,209.75,187.23,nan,228.71704,204.71044,180.70384
230517,206.2,208.398,201.802,202.6,142585.0,-1.504104,48.5807,205.32,208.61,231.91,210.12,188.33,nan,228.42032,204.69991,180.97949
230518,203.2,214.2,203.2,210.6,144071.0,-0.777453,51.7348,206.08,208.69,231.89,210.69,189.49,nan,228.29129,204.80841,181.32553
230519,214.6,217.0,213.4,214.8,94656.0,-0.013378,53.3525,207.32,208.94,232.26,211.02,189.78,nan,228.40252,204.96385,181.52518
230522,205.2,205.5,198.5,204.8,81537.0,-0.172082,49.1301,206.96,208.77,231.83,210.51,189.19,nan,228.22938,204.93769,181.646
230523,216.0,223.472,214.5,223.4,169994.0,0.924732,56.0909,209.31,209.37,229.56,210.01,190.46,nan,228.85654,205.34367,181.8308
230524,230.8,237.802,229.002,236.8,202937.0,2.417024,60.305,213.24,210.49,232.96,210.74,188.52,nan,231.45078,206.22766,181.00455
230525,242.6,253.0,242.6,251.8,228771.0,4.175564,64.4214,218.75,212.17,241.29,212.75,184.21,nan,236.80325,207.64403,178.48481
230526,248.0,250.8,237.2,239.4,162999.0,4.250678,58.9767,221.7,213.28,244.99,214.22,183.45,nan,239.09752,208.44425,177.79098
230530,251.0,264.0,249.2,261.0,166229.0,5.426826,64.5908,227.31,215.23,253.54,216.67,179.8,nan,243.32195,209.58054,175.83912
230531,266.6,276.6,262.6,263.6,235565.0,6.006523,65.208,232.5,217.2,260.67,218.59,176.51,nan,250.29632,211.40409,172.51186
230601,263.6,263.6,239.782,242.2,212432.0,4.636672,56.4814,233.88,218.23,262.52,219.34,176.16,nan,252.65993,212.42729,172.19465
230602,224.4,224.4,216.6,222.4,197962.0,2.208232,49.8359,232.24,218.4,262.95,219.99,177.03,nan,252.46406,212.64531,172.82655
230605,226.4,228.5,221.4,223.8,83026.0,0.591494,50.2814,231.04,218.62,263.21,221.13,179.05,nan,252.45424,212.76921,173.08419
230606,223.6,224.6,206.4,208.4,277020.0,-1.505217,45.4957,227.8,218.2,262.73,221.72,180.71,nan,251.79595,212.78142,173.76688
230607,211.4,216.0,205.6,215.6,179615.0,-2.347145,47.9882,226.06,218.09,262.69,222.18,181.67,nan,251.37087,212.7733,174.17574
230608,211.6,212.2,206.0,208.6,112056.0,-3.259323,45.7955,223.57,217.71,262.72,222.07,181.42,nan,251.07697,212.72302,174.36907
230609,206.2,209.4,204.182,209.0,127147.0,-3.688037,45.9475,221.48,217.35,262.57,222.33,182.09,nan,250.73954,212.64695,174.55435
230612,208.4,210.53,207.2,210.2,90357.0,-3.73179,46.4328,219.87,217.06,262.42,221.84,181.26,nan,250.51453,212.61258,174.71064
230613,202.2,204.64,197.6,202.8,127762.0,-4.07229,43.8202,217.43,216.48,261.56,222.41,183.26,nan,250.17442,212.45568,174.73695
230614,203.4,204.0,192.54,194.8,150688.0,-4.609945,41.1262,214.2,215.59,261.7,222.33,182.96,nan,249.80926,212.20031,174.59135
230615,185.4,188.6,182.4,182.8,160823.0,-5.487752,37.4108,209.71,214.25,263.54,221.34,179.14,nan,249.69227,211.71856,173.74484
230616,179.4,188.0,179.2,185.4,140476.0,-5.588497,38.7029,206.24,213.08,264.91,220.08,175.25,nan,249.58262,211.3053,173.02798
230620,201.6,210.8,200.0,209.4,238423.0,-3.818479,49.1404,206.69,212.93,264.83,219.81,174.79,nan,249.01711,211.19167,173.36623
230621,211.6,213.5,206.8,211.4,141419.0,-2.363976,49.9059,207.36,212.86,264.81,220.14,175.47,nan,248.73255,211.18259,173.63262
230622,214.6,218.3,211.8,214.6,112202.0,-1.101509,51.1722,208.4,212.93,264.4,219.7,175.0,nan,248.56869,211.22495,173.8812
230623,223.0,229.6,223.0,227.2,145637.0,0.576809,55.8995,211.08,213.52,263.38,219.22,175.06,nan,248.70237,211.44905,174.19572
230626,222.8,225.0,218.6,223.0,83462.0,1.354343,54.022,212.79,213.9,259.4,217.78,176.16,nan,248.68796,211.5381,174.38824
230627,212.2,213.9,209.0,209.8,116944.0,0.949077,48.5077,212.36,213.74,256.83,216.3,175.77,nan,248.46715,211.53078,174.59441
230628,214.4,218.4,213.8,213.8,98168.0,0.919201,50.1677,212.57,213.74,248.9,213.94,178.98,nan,248.33426,211.56706,174.79986
230629,225.4,226.16,222.6,224.6,107978.0,1.558043,54.4384,214.28,214.18,239.13,211.99,184.85,nan,248.36987,211.70087,175.03187
230630,218.8,221.4,215.634,219.2,90262.0,1.545138,52.0371,214.99,214.39,234.49,210.84,187.19,nan,248.29554,211.76148,175.22743
230703,205.8,207.998,200.2,206.2,104428.0,0.635871,46.6967,213.73,214.05,233.14,210.03,186.92,nan,204.79933,204.79933,204.79933
230705,212.8,216.2,212.4,213.8,130880.0,0.525643,49.9317,213.74,214.04,231.85,209.53,187.21,nan,219.26581,209.99097,200.71614
230706,230.0,234.7,227.0,232.2,165551.0,1.610046,56.772,216.38,214.78,235.11,210.72,186.33,nan,240.94586,218.7914,196.63694
230707,229.0,229.0,213.6,217.4,151923.0,1.26396,50.7644,216.52,214.89,235.28,210.81,186.34,nan,238.02041,219.12356,200.22672
230710,225.2,225.798,216.4,218.2,89483.0,1.032088,51.0659,216.76,215.03,235.95,211.29,186.63,nan,236.80918,219.26416,201.71913
230711,217.6,222.8,213.4,213.4,101444.0,0.524226,49.1226,216.28,214.96,236.16,211.51,186.86,nan,235.30365,218.89166,202.47968
230712,201.2,203.8,193.6,195.0,250349.0,-0.999112,42.4534,213.24,214.14,236.43,210.75,185.07,nan,236.89414,213.49588,190.09761
230713,188.4,188.6,181.4,182.0,255272.0,-2.732183,38.4785,208.78,212.83,238.13,209.71,181.29,nan,239.11379,207.46907,175.82435
230714,189.0,193.2,188.8,191.4,173387.0,-3.070117,42.6592,206.3,211.96,238.36,209.54,180.72,nan,236.99937,205.47823,173.95709
230717,198.6,202.138,193.4,194.6,222570.0,-2.904563,44.053,204.63,211.25,237.16,210.13,183.1,nan,234.21108,204.29245,174.37381
230718,203.2,211.6,201.602,207.6,205608.0,-1.800078,49.4307,205.05,211.1,235.83,211.24,186.65,nan,232.84266,204.58588,176.32911
230719,199.4,204.1,195.4,203.6,216678.0,-1.245786,47.9049,204.84,210.79,235.75,210.95,186.15,nan,231.03719,204.21358,177.38998
230720,206.2,209.2,203.602,206.2,177667.0,-0.641365,49.0067,205.04,210.61,235.58,210.69,185.8,nan,230.14727,204.38137,178.61547
230721,201.2,207.6,200.0,205.8,152111.0,-0.2272,48.8356,205.15,210.41,235.16,210.25,185.34,nan,229.3219,204.38678,179.45166
230724,211.2,213.0,187.4,192.4,326445.0,-0.783107,43.3716,203.33,209.68,233.3,208.51,183.72,nan,227.37838,203.57339,179.7684
230725,177.6,186.622,175.8,186.2,317822.0,-1.456623,41.0813,200.88,208.72,232.33,206.67,181.01,nan,227.253,201.41049,175.56798
230726,187.8,187.8,176.8,178.4,357690.0,-2.267335,38.3385,197.67,207.48,233.5,205.1,176.7,nan,226.73013,199.26281,171.79549
230727,178.4,187.8,177.6,186.0,283843.0,-2.13358,42.3756,196.0,206.6,232.98,203.71,174.44,nan,225.71779,198.07116,170.42454
230728,164.4,165.2,156.2,156.4,890780.0,-3.784018,33.2459,190.34,204.55,234.51,200.3,166.09,nan,230.01142,190.51393,151.01644
230731,156.2,157.6,149.0,150.2,383285.0,-4.964276,31.705,184.61,202.34,236.26,196.85,157.44,nan,230.64816,187.55671,144.46525
230801,158.4,162.6,157.63,161.2,471985.0,-4.678986,37.2608,181.26,200.66,236.67,194.6,152.53,nan,229.11475,185.20251,141.29028
230802,170.4,177.4,170.2,176.4,416342.0,-3.211375,44.0356,180.57,199.67,234.54,192.73,150.92,nan,227.11728,184.45211,141.78694
230803,166.4,167.4,160.5,162.8,389617.0,-2.910273,39.8855,178.03,198.16,228.86,189.26,149.66,nan,225.67686,183.14704,140.61722
230804,165.0,170.0,162.348,169.0,328330.0,-2.085876,42.544,176.74,196.97,225.16,186.84,148.52,nan,224.38264,182.34511,140.30758
230807,166.2,175.78,166.2,171.4,222063.0,-1.214458,43.584,175.98,195.93,220.52,184.5,148.48,nan,223.5142,181.97798,140.44175
230808,184.0,187.2,180.6,181.4,324120.0,0.128532,47.8222,176.75,195.33,216.4,182.9,149.4,nan,222.60854,182.02761,141.44667
230809,176.4,183.8,175.3,179.2,222087.0,0.917826,46.9859,177.1,194.68,215.17,182.11,149.05,nan,221.9205,181.94902,141.97754
230810,173.2,177.2,165.4,174.8,291360.0,1.176205,45.2804,176.77,193.86,214.96,181.75,148.54,nan,220.95505,181.5866,142.21816
230811,189.0,195.4,188.6,190.8,406740.0,2.387474,52.0905,178.78,193.74,214.9,181.72,148.54,nan,220.70281,182.09382,143.48482
230814,200.56,203.618,194.7,197.2,294676.0,3.514406,54.5283,181.41,193.88,215.25,181.85,148.45,nan,221.07631,182.67478,144.27325
230815,201.0,208.6,200.798,206.8,309956.0,4.725609,57.982,185.04,194.41,215.09,181.81,148.53,nan,222.13286,183.49054,144.84821
230816,218.0,220.998,214.2,219.4,513195.0,6.106821,62.0556,189.95,195.43,218.55,182.6,146.65,nan,226.23762,185.43774,144.63785
230817,205.4,216.328,205.4,215.0,401007.0,6.423366,59.8726,193.52,196.23,220.33,183.04,145.75,nan,227.91983,186.56344,145.20704
230818,231.0,233.8,227.0,231.0,589697.0,7.343246,64.7311,198.88,197.65,226.02,184.3,142.58,nan,234.24469,189.12481,144.00493
230821,238.0,240.4,232.2,232.6,391415.0,7.65735,65.1851,203.7,199.07,232.98,186.31,139.64,nan,238.39613,190.83257,143.26901
230822,226.6,235.62,225.8,232.6,292801.0,7.455741,65.1851,207.82,200.44,239.47,188.63,137.79,nan,240.65068,191.92848,143.20627
230823,227.0,227.2,215.8,217.8,345257.0,5.979965,57.2764,209.25,201.15,242.74,190.6,138.46,nan,241.76067,192.80456,143.84845
230824,211.0,218.0,209.6,215.8,329917.0,4.586166,56.2826,210.19,201.75,245.31,192.09,138.87,nan,242.21387,193.42613,144.6384
230825,216.6,224.4,215.4,216.6,319145.0,3.485051,56.6069,211.1,202.35,246.69,195.1,143.51,nan,242.93388,194.11141,145.28895
230828,206.2,208.4,198.6,201.6,324858.0,1.608844,49.2321,209.74,202.32,245.0,197.67,150.34,nan,242.59339,194.34567,146.09794
230829,194.4,197.4,187.6,189.4,349355.0,-0.4798,44.1895,206.84,201.8,243.58,199.08,154.58,nan,241.84285,194.26514,146.68744
230830,197.2,197.58,192.0,193.0,236459.0,-1.582691,45.9488,204.86,201.44,243.29,199.91,156.53,nan,241.39749,194.26381,147.13013
230831,198.6,203.802,198.002,201.4,247578.0,-1.699984,49.916,204.37,201.44,241.74,201.84,161.94,nan,241.11259,194.39364,147.67469
230901,191.0,191.4,178.6,187.8,404791.0,-2.593489,44.2528,202.0,200.88,240.36,202.78,165.2,nan,240.2357,194.13769,148.03967
230905,193.4,198.0,192.2,195.2,240481.0,-2.580588,47.7279,201.03,200.65,238.91,203.97,169.03,nan,239.84527,194.15527,148.46526
230906,195.4,196.352,188.6,194.6,182280.0,-2.504905,47.4695,200.11,200.4,238.32,204.63,170.94,nan,239.53029,194.14244,148.75459
230907,208.0,213.198,207.9,210.6,243871.0,-1.328755,54.5376,201.61,200.82,237.87,206.2,174.53,nan,239.62379,194.42758,149.23136
230908,212.0,216.8,210.0,212.0,182791.0,-0.453221,55.1068,203.09,201.27,236.32,208.06,179.8,nan,239.76329,194.6653,149.56732
230911,202.4,206.6,199.8,203.6,158705.0,-0.436383,50.9823,203.17,201.37,235.93,208.7,181.47,nan,239.64602,194.76091,149.8758
230912,206.4,207.2,200.7,203.0,140406.0,-0.45987,50.6905,203.14,201.43,235.84,208.99,182.14,nan,239.54807,194.84666,150.14524
230913,207.24,209.4,205.4,207.8,159036.0,-0.161736,53.008,203.81,201.69,235.88,209.04,182.2,nan,239.52026,194.98403,150.4478
230914,203.8,206.2,200.26,203.0,158931.0,-0.289927,50.4543,203.69,201.75,234.74,208.22,181.7,nan,239.40059,195.07148,150.74238
230915,204.2,207.584,202.602,205.4,130258.0,-0.218462,51.7071,203.94,201.9,234.1,207.74,181.38,nan,239.33547,195.15953,150.9836
230918,211.0,214.2,208.2,208.2,111637.0,0.000423,53.194,204.55,202.15,230.72,206.6,182.48,nan,239.35845,195.27081,151.18318
230919,208.0,210.0,205.002,208.6,110818.0,0.147069,53.4147,205.12,202.42,226.41,205.4,184.39,nan,239.34154,195.36266,151.38378
230920,208.8,213.4,206.16,213.2,134533.0,0.508449,55.9847,206.28,202.86,221.8,204.43,187.06,nan,239.38072,195.49915,151.61759
230921,226.38,227.2,223.6,227.0,227534.0,1.57144,62.643,209.24,203.84,224.05,204.89,185.73,nan,240.11221,195.94416,151.7761
230922,200.4,204.998,200.0,203.4,295100.0,0.628101,48.9935,208.4,203.82,222.77,204.27,185.77,nan,239.86607,196.07174,152.2774
230925,217.0,217.18,212.0,212.8,167036.0,0.581236,53.3533,209.03,204.19,222.14,204.08,186.02,nan,239.97587,196.25856,152.54125
230926,220.8,223.55,217.438,221.8,205539.0,1.071869,57.1314,210.86,204.91,224.68,205.09,185.5,nan,240.35962,196.57101,152.78241
230927,219.0,225.2,218.6,220.8,129184.0,1.233055,56.5831,212.28,205.56,226.0,206.66,187.32,nan,240.6068,196.76815,152.9295
230928,228.0,230.376,223.66,224.2,163071.0,1.457288,58.0572,213.98,206.32,227.93,208.22,188.51,nan,241.06248,197.05746,153.05243
230929,212.4,220.9,211.4,218.0,157055.0,1.093312,54.4281,214.55,206.8,228.94,209.05,189.16,nan,241.20555,197.24305,153.28055
231002,219.8,224.2,217.8,221.6,182681.0,1.002659,56.1424,215.56,207.4,228.78,210.74,192.7,nan,221.2,221.2,221.2
231003,237.6,239.6,235.636,238.0,183839.0,1.902653,62.9752,218.77,208.65,233.06,212.88,192.7,nan,246.04405,229.4988,212.95355
231004,239.6,244.7,239.6,244.0,155006.0,2.708346,65.1165,222.37,210.09,237.93,215.35,192.77,nan,251.86679,233.44223,215.01766
231005,243.8,245.6,239.4,239.8,131758.0,2.755584,62.3962,224.86,211.3,241.63,216.81,191.99,nan,252.80361,235.08753,217.37145
231006,237.0,237.146,222.4,225.0,229476.0,1.642214,53.8579,224.88,211.86,242.43,217.46,192.49,nan,249.6926,233.29242,216.89224
231009,231.0,231.8,224.484,224.8,100198.0,0.787755,53.7508,224.87,212.39,242.84,218.52,194.2,nan,248.65132,232.65386,216.65639
231010,217.0,217.2,207.6,209.0,266212.0,-0.856981,45.9767,222.6,212.25,242.5,218.82,195.14,nan,250.63934,228.09601,205.55267
231011,202.4,205.8,199.398,203.4,209719.0,-2.257934,43.5713,219.86,211.89,242.76,218.6,194.44,nan,251.82885,224.46913,197.10941
231012,200.4,214.6,199.8,212.0,264995.0,-2.521292,48.065,218.74,211.9,242.36,219.05,195.74,nan,249.65117,222.06048,194.46978
231013,217.8,219.9,213.0,218.2,187631.0,-2.205237,51.089,218.66,212.15,242.15,219.69,197.23,nan,247.93883,221.56702,195.19521
231016,221.0,224.0,211.5,213.8,163279.0,-2.214027,48.9124,217.97,212.22,241.98,219.97,197.96,nan,246.62641,221.16302,195.69962
231017,222.4,223.0,216.2,219.0,129373.0,-1.808266,51.5401,218.11,212.5,241.89,220.49,199.09,nan,245.77825,221.05954,196.34083
231018,225.6,231.8,224.5,229.4,173927.0,-0.827971,56.3732,219.73,213.19,242.76,221.3,199.84,nan,245.72514,221.60859,197.49204
231019,238.6,242.8,235.2,241.2,261039.0,0.552275,61.1123,222.79,214.33,245.06,222.01,198.96,nan,248.72318,223.40132,198.07946
231020,250.82,257.1,247.602,257.0,208648.0,2.364859,66.3787,227.68,216.07,250.73,224.69,198.65,nan,254.73675,225.63591,196.53508
231023,257.6,263.186,248.6,250.4,181393.0,2.9185,62.567,230.93,217.47,254.28,226.57,198.86,nan,258.61281,227.33812,196.06344
231024,248.6,249.0,224.8,227.6,302259.0,1.613539,51.5535,230.45,217.89,254.48,226.86,199.24,nan,257.97673,227.92441,197.87209
231025,241.0,245.4,237.0,239.8,206269.0,1.441991,56.0152,231.79,218.78,255.84,227.81,199.78,nan,258.44568,228.67124,198.89681
231026,241.8,244.4,236.2,239.4,148164.0,1.182448,55.8336,232.87,219.62,256.99,228.57,200.15,nan,258.63405,229.12664,199.61922
231027,229.4,239.4,226.6,238.2,136931.0,0.827609,55.255,233.63,220.38,257.86,229.58,201.3,nan,258.37643,229.32746,200.2785
231030,226.0,234.6,225.11,230.6,180779.0,0.021321,51.6073,233.2,220.8,258.07,230.03,201.99,nan,257.74987,229.3625,200.97512
231031,241.8,250.42,240.2,240.2,197223.0,0.071956,55.595,234.2,221.59,258.32,230.14,201.96,nan,258.39185,230.03125,201.67064
231101,245.4,249.8,242.4,242.4,154199.0,0.184624,56.48,235.37,222.44,258.09,230.06,202.03,nan,258.94512,230.55653,202.16794
231102,236.4,239.18,232.806,235.8,141797.0,-0.231748,53.0631,235.43,222.98,257.67,229.86,202.05,nan,258.72637,230.72593,202.72548
231103,224.0,224.4,217.18,219.2,209541.0,-1.595534,45.5922,233.11,222.83,257.7,229.57,201.44,nan,257.96837,230.25995,202.55153
231106,212.8,218.6,211.9,217.8,155239.0,-2.507985,45.0166,230.93,222.62,257.75,229.22,200.69,nan,257.5212,229.8078,202.09439
231107,221.6,226.402,217.8,219.4,153704.0,-2.892545,45.8579,229.28,222.49,257.13,229.74,202.35,nan,256.99029,229.54402,202.09774
231108,224.2,226.424,219.8,224.6,147785.0,-2.689738,48.6102,228.61,222.58,255.54,230.8,206.06,nan,256.49707,229.37411,202.25115
231109,226.8,236.218,223.4,234.4,209548.0,-1.829721,53.4164,229.44,223.06,255.14,231.92,208.7,nan,256.0504,229.45076,202.85111
231110,239.2,242.2,235.6,236.4,186988.0,-1.096468,54.3546,230.43,223.61,255.24,232.83,210.42,nan,256.07294,229.74054,203.40814
231113,230.6,233.3,222.58,227.6,147904.0,-1.167839,49.6191,230.03,223.77,254.34,233.52,212.7,nan,255.68703,229.69094,203.69485
231114,222.6,222.84,211.0,213.4,208384.0,-2.081744,43.0948,227.65,223.35,254.96,233.24,211.52,nan,255.24633,229.19976,203.1532
231115,203.0,204.6,192.82,198.4,342634.0,-3.522135,37.4874,223.47,222.33,258.18,231.69,205.2,nan,256.42159,227.52489,198.62818
231116,221.6,225.528,214.176,220.6,345852.0,-2.834964,48.2249,223.06,222.26,257.2,230.66,204.12,nan,255.45982,227.13614,198.81245
231117,222.2,225.776,217.4,222.2,163693.0,-2.158483,48.9061,222.94,222.25,252.75,228.92,205.09,nan,255.03409,227.00688,198.97968
231120,215.2,216.0,206.6,207.8,182437.0,-2.540329,43.3751,220.78,221.66,250.17,226.79,203.41,nan,254.74225,226.56399,198.38573
231121,218.0,221.2,213.4,219.6,179164.0,-1.887683,48.5136,220.61,221.58,249.97,226.39,202.81,nan,254.29928,226.35045,198.40163
231122,216.4,221.2,214.4,217.2,125884.0,-1.522759,47.5681,220.12,221.4,248.32,225.26,202.2,nan,253.99802,226.19863,198.39925
231124,221.0,221.4,215.2,216.0,122094.0,-1.277252,47.0741,219.53,221.18,246.53,224.09,201.65,nan,253.71214,226.05523,198.39832
231127,223.4,225.832,222.4,223.8,130049.0,-0.542192,50.6609,220.14,221.29,244.86,223.37,201.88,nan,253.44133,226.01981,198.5983
231128,229.6,235.4,229.2,232.0,211132.0,0.487939,54.1767,221.84,221.73,245.03,223.44,201.85,nan,253.30779,226.18886,199.06993
231129,247.6,250.52,243.9,249.8,249093.0,2.260551,60.7201,225.83,222.87,247.33,223.92,200.51,nan,254.63021,226.87301,199.11581
231130,247.4,255.6,245.82,247.4,221367.0,3.111345,59.4866,228.91,223.87,248.45,224.17,199.89,nan,255.84254,227.48753,199.13253
231201,259.6,264.8,255.8,255.8,190715.0,4.021899,62.3679,232.75,225.18,252.71,225.17,197.63,nan,257.74559,228.20015,198.65472
231204,269.8,274.2,267.0,273.2,215798.0,5.487369,67.5208,238.53,227.14,262.28,227.87,193.46,212.59,261.44665,229.28636,197.12607
231205,289.86,292.0,284.6,286.4,240206.0,6.943288,70.7886,245.37,229.55,273.75,231.3,188.85,213.33,267.8424,230.87342,193.90445
231206,280.0,286.3,277.6,285.8,145397.0,7.420388,70.4417,251.15,231.85,282.82,234.62,186.42,214.05,270.69842,231.72106,192.7437
231207,285.2,288.1,282.9,284.2,142122.0,7.178243,69.464,255.87,233.99,290.13,237.6,185.07,214.75,273.41923,232.55205,191.68488
231208,292.0,296.9,289.62,294.4,143289.0,7.234672,72.1205,261.37,236.45,298.62,240.6,182.58,215.54,276.75795,233.49663,190.23531
231211,299.8,301.4,291.2,292.4,100884.0,6.680217,70.8195,265.8,238.74,305.6,243.4,181.2,216.3,279.02076,234.15898,189.29721
231212,291.8,296.602,286.8,286.8,135999.0,5.526968,67.1661,268.8,240.7,310.86,246.36,181.86,217.01,281.43632,234.95904,188.48176
231213,296.0,307.2,289.6,290.2,247831.0,4.620625,68.2375,271.86,242.72,315.53,250.2,184.87,217.73,286.20471,236.5019,186.79908
231214,291.0,292.0,278.0,279.2,228035.0,2.987043,61.2717,272.91,244.21,316.16,254.24,192.32,218.35,288.63034,237.56591,186.50149
231215,274.6,280.8,270.2,280.8,165581.0,1.780571,61.8812,274.04,245.7,318.18,257.25,196.32,218.97,289.84948,238.21388,186.57827
231218,284.6,293.0,283.696,289.4,144569.0,1.347715,65.064,276.23,247.49,320.85,260.61,200.37,219.67,291.55396,238.92318,186.29239
231219,285.8,286.2,276.4,278.0,118231.0,0.143012,58.1346,276.48,248.73,319.64,264.12,208.6,220.25,292.44932,239.39207,186.33483
231220,289.8,301.6,287.62,301.0,160645.0,0.712684,66.0018,279.99,250.86,321.96,268.19,214.42,221.05,294.75417,240.26377,185.77338
231221,280.6,282.394,267.6,268.8,290532.0,-1.159722,51.4305,278.39,251.6,319.2,270.77,222.34,221.53,295.91839,241.13778,186.35718
231222,296.6,298.2,286.97,290.8,211654.0,-1.00306,58.2176,280.16,253.2,316.57,274.51,232.45,222.22,298.12353,242.10999,186.09645
231226,285.2,289.398,278.8,283.2,143173.0,-1.469546,55.3406,280.6,254.42,312.62,277.48,242.34,222.82,299.07881,242.64225,186.2057
231227,282.6,286.8,279.8,281.6,100643.0,-1.915902,54.7275,280.74,255.53,308.24,279.96,251.68,223.41,299.68601,242.99886,186.31172
231228,265.6,266.2,257.6,261.6,215639.0,-3.496118,47.6241,278.0,255.78,306.7,280.55,254.4,223.79,299.73562,243.35048,186.96535
231229,262.6,263.0,255.058,256.0,162556.0,-4.777236,45.8304,274.86,255.79,305.15,280.98,256.81,224.11,299.6515,243.55441,187.45732
240102,274.8,282.2,274.408,280.8,187380.0,-3.852782,54.0791,275.71,256.81,303.47,282.23,260.99,224.67,279.136,279.136,279.136
240103,280.6,280.95,265.594,266.0,168646.0,-4.112778,49.2585,274.32,257.18,303.94,281.87,259.8,225.08,283.48657,275.21006,266.93354
240104,273.8,277.2,269.8,276.8,145612.0,-3.458428,52.5803,274.68,257.98,303.46,281.39,259.32,225.6,282.02751,275.03297,268.03844
240105,275.8,282.3,274.0,281.4,130250.0,-2.653074,53.9628,275.64,258.94,303.15,281.17,259.19,226.15,282.99719,275.89879,268.80038
240108,300.8,303.2,291.4,292.4,153999.0,-1.38081,57.1777,278.03,260.31,304.07,281.58,259.09,226.81,296.70721,279.77241,262.83762
240109,308.8,311.598,307.214,309.8,144808.0,0.528989,61.7303,282.57,262.33,307.44,282.35,257.26,227.64,311.00733,284.40358,257.79982
240110,307.6,312.4,306.1,310.0,114192.0,1.639398,61.7806,286.49,264.27,310.78,283.23,255.68,228.46,316.73765,287.14627,257.5549
240111,297.4,305.0,295.002,296.4,174346.0,1.306136,56.3566,287.9,265.58,311.83,283.71,255.59,229.13,317.39629,288.81281,260.22934
240112,294.0,300.0,288.6,299.6,115681.0,1.154638,57.3064,289.58,266.97,313.02,284.18,255.34,229.84,317.06157,289.44142,261.82126
240116,318.0,330.0,318.0,328.6,208061.0,2.768873,64.7857,295.15,269.49,321.25,286.65,252.05,230.82,329.91532,294.3082,258.70107
240117,364.2,365.6,351.8,354.2,260711.0,5.181923,69.8131,303.59,272.94,335.58,290.32,245.06,232.05,358.54357,303.39879,248.25402
240118,349.2,354.2,345.0,350.2,210920.0,6.068345,68.1753,310.25,276.1,345.6,293.36,241.12,233.22,367.66924,308.25679,248.84433
240119,362.0,367.6,340.2,343.8,310413.0,5.784445,65.5266,315.04,278.86,352.75,296.65,240.55,234.32,376.23594,313.90112,251.56631
240122,379.6,383.2,367.2,369.2,220795.0,6.798111,70.4359,322.78,282.55,364.48,300.06,235.64,235.66,387.32808,319.04404,250.75999
240123,332.8,334.0,317.2,319.6,322242.0,3.770108,54.2031,322.32,284.06,365.88,302.6,239.32,236.5,383.95398,319.55592,255.15786
240124,282.0,295.31,280.2,293.0,300117.0,-0.173188,47.8361,318.13,284.43,365.92,302.71,239.5,237.06,380.45907,316.70908,252.95909
240125,283.8,296.0,278.798,291.0,223784.0,-2.913148,47.3854,314.26,284.69,365.92,303.1,240.28,237.6,378.02654,314.85454,251.68255
240126,302.2,304.174,294.7,298.4,168516.0,-4.148722,49.2892,311.99,285.25,366.03,303.94,241.85,238.2,376.12974,314.10847,252.08721
240129,300.18,317.998,299.2,310.2,179994.0,-4.086352,52.2559,311.74,286.27,365.37,306.37,247.37,238.92,374.41712,313.86904,253.32095
240130,327.78,331.0,322.632,324.8,176689.0,-3.025722,55.7085,313.6,287.84,364.53,309.81,255.09,239.77,373.80846,314.42272,255.03697
240131,338.8,339.4,320.0,331.8,244604.0,-1.873119,57.3027,316.2,289.64,366.18,312.36,258.54,240.69,373.46406,315.36177,257.25947
240201,327.78,335.0,322.2,328.4,134081.0,-1.382726,56.2438,317.94,291.22,365.27,315.48,265.69,241.56,373.14441,315.77288,258.40134
240202,348.04,353.604,343.9,349.2,159536.0,0.214438,60.9929,322.41,293.59,367.63,319.1,270.57,242.63,374.62366,316.95912,259.29459
240205,340.2,343.398,324.8,327.6,213444.0,-0.284778,54.3909,323.15,294.98,366.84,321.41,275.98,243.48,374.32088,317.64367,260.96646
240206,290.2,297.0,270.6,271.4,319987.0,-4.279237,41.7334,315.76,294.01,369.26,320.36,271.46,243.76,373.1091,315.20779,257.30648
240207,289.6,292.6,282.0,288.8,197109.0,-5.548318,45.9289,311.91,293.8,369.94,319.31,268.68,244.2,371.91552,314.16606,256.41659
240208,302.4,309.6,300.0,308.2,156961.0,-4.902375,50.2317,311.38,294.39,369.92,319.22,268.52,244.84,370.88697,313.9242,256.96143
240209,308.0,317.2,297.8,299.0,137825.0,-4.904007,48.27,309.61,294.58,369.83,319.35,268.87,245.38,370.00804,313.6914,257.37475
240212,294.0,294.276,274.0,284.6,212720.0,-5.632114,45.2887,306.04,294.17,370.65,318.6,266.55,245.77,368.96152,312.59296,256.22441
240213,295.8,307.602,288.0,304.4,206545.0,-4.581993,49.8732,305.8,294.59,369.58,317.39,265.2,246.35,367.71837,312.15214,256.5859
240214,289.4,294.3,284.8,285.8,189359.0,-4.912516,45.9758,302.95,294.23,365.02,313.97,262.92,246.75,366.7291,311.41041,256.09172
240215,286.8,286.998,280.802,282.0,128439.0,-5.135377,45.1987,299.95,293.73,360.57,310.56,260.55,247.1,366.15571,310.82905,255.50239
240216,266.6,270.4,262.402,269.8,210185.0,-5.803437,42.7031,295.65,292.75,357.44,306.86,256.28,247.32,365.96511,309.41336,252.86162
240220,271.0,279.598,267.198,275.6,158686.0,-5.553574,44.2782,292.78,292.05,345.64,302.18,258.72,247.6,365.46782,308.56336,251.6589
240221,255.2,257.15,247.4,253.6,263214.0,-6.502946,39.8078,287.18,290.48,346.38,298.88,251.38,247.66,366.20577,306.41738,246.62899
240222,242.0,249.2,240.2,241.8,219621.0,-7.488446,37.6143,280.7,288.5,349.94,296.32,242.7,247.61,367.21319,304.47003,241.72688
240223,234.2,241.1,232.6,236.6,220090.0,-8.006665,36.6557,274.4,286.38,353.2,293.6,234.0,247.5,368.41612,302.4259,236.43568
240226,241.2,243.0,236.2,242.0,173079.0,-7.510118,38.411,269.77,284.57,354.41,290.78,227.15,247.44,368.82792,300.98735,233.14678
240227,230.4,233.2,229.4,230.4,207490.0,-7.47135,36.097,264.15,282.36,354.9,286.79,218.68,247.27,369.75896,299.09407,228.42919
240228,245.84,254.1,245.6,253.6,258140.0,-5.483657,43.4364,262.64,281.18,350.46,283.23,216.0,247.34,369.09373,297.53141,225.9691
240229,249.0,258.2,248.3,256.2,149777.0,-3.680759,44.2098,261.72,280.16,343.77,279.45,215.13,247.42,368.58036,296.72861,224.87687
240301,244.4,245.8,239.0,240.4,177162.0,-3.254054,40.579,258.67,278.54,337.38,275.05,212.72,247.35,368.39024,295.54838,222.70652
240304,246.8,258.0,246.8,255.8,188437.0,-1.713761,45.2948,258.26,277.61,323.03,270.38,217.73,247.44,367.6969,294.61073,221.52456
240305,265.2,268.6,260.8,267.4,179034.0,0.205161,48.6037,259.57,277.19,313.01,267.37,221.73,247.64,366.80349,294.00838,221.21326
240306,245.8,252.2,242.6,250.2,206106.0,0.422392,44.3228,258.23,276.09,312.51,266.31,220.11,247.66,366.19292,292.9421,219.69129
240307,259.0,262.0,256.4,256.4,154388.0,1.054019,46.1635,257.97,275.29,309.88,264.69,219.5,247.75,365.522,292.34616,219.17032
240308,255.4,257.798,250.8,253.6,151033.0,1.335508,45.433,257.35,274.4,302.68,261.96,221.24,247.81,364.93533,291.7132,218.49107
240311,241.0,241.1,230.7,235.8,239267.0,0.422474,40.992,254.27,272.83,297.28,258.8,220.32,247.69,364.68484,290.28766,215.89049
240312,222.0,224.8,218.8,219.8,269997.0,-1.077494,37.4486,249.34,270.66,295.68,255.56,215.44,247.41,365.16658,288.35149,211.5364
240313,217.0,218.8,211.2,217.8,284371.0,-1.970805,37.0178,244.84,268.51,287.88,251.23,214.58,247.12,365.74544,286.27716,206.80887
240314,224.8,233.4,223.824,230.6,277506.0,-1.488055,41.6443,242.8,266.96,282.51,248.47,214.43,246.95,365.27088,284.72713,204.18339
240315,232.2,235.8,230.6,235.2,180351.0,-0.688035,43.2574,241.72,265.66,276.91,246.13,215.35,246.83,364.78342,283.84393,202.90443
240318,231.0,236.3,230.6,233.8,131085.0,-0.112433,42.869,240.59,264.36,273.53,244.33,215.13,246.7,364.42073,283.21725,202.01378
240319,237.4,242.2,234.7,236.6,142076.0,0.560624,43.9529,240.02,263.23,267.95,242.38,216.81,246.6,363.94167,282.61231,201.28295
240320,236.2,237.42,229.3,229.8,124495.0,0.645555,41.8751,238.56,261.86,266.77,241.19,215.61,246.44,363.60346,282.02999,200.45652
240321,228.4,233.4,227.8,233.0,126183.0,0.994112,43.235,237.76,260.69,266.58,240.75,214.92,246.3,363.26425,281.44439,199.62452
240322,243.2,245.6,241.2,243.2,143810.0,1.934091,47.4552,238.54,259.97,266.86,241.08,215.3,246.27,362.69202,280.94854,199.20506
240325,244.2,244.2,239.4,242.2,103407.0,2.476321,47.0856,239.06,259.25,266.87,241.09,215.31,246.23,362.29357,280.58693,198.88029
240326,236.2,239.2,235.352,238.6,109917.0,2.569255,45.7056,239.0,258.4,266.84,241.5,216.16,246.16,361.91136,280.16869,198.42603
240327,246.0,247.0,240.0,240.0,137198.0,2.688939,46.3639,239.14,257.65,265.55,240.82,216.09,246.09,361.38072,279.7135,198.04628
240328,235.8,236.3,229.2,232.4,158690.0,2.238628,43.2947,238.18,256.62,263.56,239.63,215.7,245.96,360.90874,279.06735,197.22597
240401,222.6,227.0,217.9,223.2,201601.0,1.347451,39.8553,236.04,255.26,263.74,238.77,213.8,245.73,222.7,222.7,222.7
240402,219.98,220.2,213.218,218.0,204987.0,0.478864,38.0169,233.46,253.74,262.13,236.88,211.63,245.46,225.45699,219.89651,214.33604
240403,225.0,226.9,221.0,221.6,179801.0,0.230473,40.0776,231.77,252.43,256.43,234.59,212.75,245.22,226.42486,220.89922,215.37358
240404,216.6,226.9,216.0,225.6,199503.0,0.408831,42.3703,230.89,251.33,254.3,233.36,212.42,245.02,226.45144,221.39021,216.32897
240405,229.4,231.0,227.1,229.0,108144.0,0.806096,44.3203,230.62,250.42,250.12,231.99,213.86,244.86,229.19685,222.31473,215.43261
240408,224.4,225.6,221.0,224.4,102103.0,0.807362,42.2379,229.73,249.36,245.96,230.53,215.1,244.66,229.02456,222.4533,215.88205
240409,222.0,222.648,218.2,218.2,141722.0,0.456411,39.5412,228.08,248.09,245.77,229.65,213.53,244.4,228.52314,222.10822,215.6933
240410,221.4,224.796,218.2,221.8,176618.0,0.527466,41.8623,227.18,247.01,245.65,229.75,213.85,244.17,228.01828,222.03975,216.06123
240411,214.2,220.5,212.8,216.4,224806.0,0.28374,39.4178,225.64,245.76,245.8,229.68,213.56,243.9,227.98328,221.24043,214.49758
240412,228.8,239.8,228.8,237.8,297167.0,1.565159,51.5037,227.38,245.44,246.54,230.04,213.54,243.83,235.70422,223.54246,211.3807
240415,227.6,238.302,227.3,236.0,156448.0,2.251199,50.5895,228.61,245.05,246.64,230.08,213.52,243.76,237.2814,224.35299,211.42458
240416,241.2,245.6,238.952,243.6,220774.0,3.122857,54.2796,230.75,244.99,248.09,230.57,213.05,243.76,242.66463,226.1845,209.70438
240417,239.6,245.8,239.206,245.0,174246.0,3.662377,54.9471,232.79,244.99,249.45,230.99,212.53,243.77,245.63951,227.43599,209.23248
240418,234.8,235.6,229.8,231.6,175203.0,3.012588,47.76,232.62,244.45,249.53,231.08,212.63,243.65,245.51411,227.77075,210.0274
240419,235.4,237.198,233.1,233.4,169404.0,2.614588,48.7301,232.73,244.0,249.56,231.1,212.64,243.54,245.6863,228.19203,210.69775
240422,231.0,233.2,222.0,222.6,175321.0,1.585207,43.5093,231.28,243.12,248.0,230.07,212.14,243.34,245.04859,228.05585,211.0631
240423,217.4,218.0,212.0,212.0,286887.0,0.223201,39.0834,228.53,241.85,247.22,228.56,209.9,243.02,244.88829,226.79363,208.69898
240424,201.8,204.4,199.8,200.8,270975.0,-1.314689,35.0288,224.57,240.18,248.3,226.67,205.04,242.6,246.82531,224.82902,202.83272
240425,204.2,204.2,195.802,196.6,287168.0,-2.432481,33.6203,220.57,238.4,248.88,224.5,200.12,242.15,248.08779,222.84245,197.5971
240426,185.6,189.0,182.8,186.8,337006.0,-3.580201,30.535,215.75,236.29,251.3,222.22,193.14,241.6,251.3015,219.82311,188.34472
240429,185.8,187.5,181.2,181.8,251387.0,-4.372031,29.0692,210.9,234.07,254.13,220.15,186.17,241.0,252.6685,217.71977,182.77105
240430,189.8,194.2,188.2,193.4,276649.0,-3.829947,36.6651,208.4,232.41,254.85,218.92,182.99,240.53,252.20323,216.17497,180.1467
240501,191.8,193.592,184.6,190.2,265673.0,-3.415982,35.5346,205.8,230.69,255.36,217.35,179.34,240.03,251.79248,214.72186,177.65124
240502,173.2,173.378,155.2,159.0,1111590.0,-4.883128,26.8439,199.11,227.76,259.49,214.02,168.55,239.22,257.63071,205.04403,152.45734
240503,155.8,159.4,154.4,154.6,448567.0,-5.730966,25.8825,192.75,224.77,262.01,210.3,158.59,238.38,258.1424,201.63922,145.13603
240506,153.5,157.248,152.5,155.4,276661.0,-5.801274,26.3987,187.42,221.94,263.32,206.85,150.38,237.55,258.06417,199.72124,141.37831
240507,160.4,162.2,160.0,161.4,278603.0,-5.035482,30.3179,183.7,219.47,263.54,204.01,144.48,236.79,257.30865,198.18786,139.06707
240508,167.6,168.2,163.4,163.6,219042.0,-4.016812,31.7529,180.83,217.19,262.53,201.1,139.67,236.07,256.49818,197.18275,137.86733
240509,154.6,157.4,153.198,153.4,276983.0,-3.675228,28.7923,176.91,214.59,262.31,197.95,133.59,235.24,255.99064,195.61152,135.23241
240510,145.0,149.0,143.6,147.6,353277.0,-3.486761,27.2372,172.72,211.85,258.63,193.44,128.25,234.37,255.79992,193.41137,131.02281
240513,141.8,142.2,136.4,138.0,529284.0,-3.638703,24.8452,167.76,208.84,254.92,188.54,122.16,233.41,255.92572,189.96532,124.00491
240514,142.4,143.6,141.2,143.0,357506.0,-3.056012,28.3734,164.23,206.15,247.65,183.51,119.37,232.51,255.29456,188.02677,120.75898
240515,138.8,142.398,138.0,138.2,231551.0,-2.66186,27.0601,160.51,203.38,238.62,178.17,117.72,231.58,254.92686,186.77448,118.6221
240516,133.2,134.95,125.8,126.4,594768.0,-2.8472,24.106,155.64,200.24,232.14,172.91,113.68,230.53,254.83109,183.18373,111.53638
240517,126.4,127.8,121.6,124.2,555678.0,-2.766899,23.589,151.14,197.13,223.41,167.45,111.49,229.47,254.56548,179.96238,105.35929
240520,128.4,129.168,126.2,127.8,284878.0,-2.14786,26.3719,147.81,194.3,215.13,162.71,110.29,228.46,254.05629,178.5317,103.00711
240521,133.8,136.0,132.6,133.8,398906.0,-1.065545,30.8898,145.81,191.83,207.47,158.8,110.13,227.52,252.87717,176.89195,100.90672
240522,135.8,139.798,135.206,139.6,293879.0,0.240073,35.0393,144.92,189.7,201.04,155.74,110.44,226.64,251.862,175.86711,99.87221
240523,142.6,149.2,141.202,148.2,562801.0,1.79535,40.7226,145.39,188.01,194.62,153.32,112.02,225.86,249.65563,174.43488,99.21413
240524,150.8,151.8,147.6,149.0,531345.0,2.923711,41.2376,145.91,186.41,189.79,151.43,113.07,225.1,247.61268,173.34645,99.08022
240528,148.2,151.0,146.6,149.2,327743.0,3.680382,41.3747,146.38,184.9,185.54,149.8,114.06,224.34,246.40824,172.7072,99.00617
240529,158.2,158.8,156.002,156.6,301032.0,4.61552,46.3624,147.84,183.74,177.84,147.96,118.08,223.67,245.32447,172.34146,99.35844
240530,162.0,162.8,155.8,156.6,361346.0,5.130725,46.3624,149.09,182.63,169.51,146.28,123.05,223.0,244.07861,171.95921,99.8398
240531,166.8,169.3,164.802,165.2,479637.0,5.892853,51.8803,151.39,181.92,170.64,146.59,122.54,222.43,242.6362,171.76518,100.89417
240603,159.0,166.4,157.7,163.2,240513.0,6.079899,50.5772,153.08,181.16,171.92,147.02,122.12,221.84,241.90101,171.6037,101.3064
240604,158.8,162.4,157.4,159.6,235237.0,5.780723,48.229,154.01,180.28,172.47,147.23,121.99,221.22,241.18252,171.40726,101.63199
240605,157.6,159.684,155.8,155.8,205841.0,5.166537,45.8112,154.26,179.28,171.68,146.95,122.22,220.57,240.55811,171.20181,101.84551
240606,155.6,159.244,155.2,155.8,183122.0,4.617837,45.8112,154.48,178.32,170.46,146.56,122.66,219.92,240.01267,171.01957,102.02647
240607,163.2,167.0,161.802,166.6,280566.0,4.817652,53.4957,156.22,177.84,172.53,147.22,121.91,219.39,239.26307,170.90803,102.55299
240610,166.2,168.2,162.2,163.0,160650.0,4.546192,50.9044,157.18,177.24,174.22,147.99,121.76,218.83,238.83898,170.83887,102.83877
240611,164.6,168.998,164.3,167.0,236690.0,4.46823,53.5942,158.59,176.82,176.49,149.44,122.39,218.31,238.25163,170.77546,103.29929
240612,165.0,168.8,163.9,167.8,349154.0,4.301234,54.1354,159.9,176.45,178.69,150.68,122.67,217.81,237.41152,170.68695,103.96237
240613,165.8,170.7,163.8,168.6,275588.0,4.077384,54.7043,161.15,176.13,180.63,152.2,123.77,217.32,236.78061,170.63493,104.48925
240614,172.0,174.4,171.2,173.2,252847.0,4.062848,57.9353,162.87,176.01,181.77,154.54,127.31,216.88,236.2971,170.67108,105.04505
240617,169.0,170.8,166.2,167.0,229757.0,3.481777,52.4996,163.46,175.64,180.56,156.68,132.8,216.39,235.7986,170.63345,105.46829
240618,168.6,169.702,164.754,165.6,171016.0,2.874463,51.3286,163.76,175.23,178.7,158.57,138.44,215.88,235.42357,170.59247,105.76138
240620,158.8,162.6,158.1,160.0,239642.0,2.00795,46.8288,163.23,174.61,176.49,159.88,143.27,215.32,234.85588,170.44399,106.03211
240621,165.2,168.2,164.0,167.6,169350.0,1.862218,52.8677,163.85,174.32,175.34,161.28,147.22,214.85,234.49816,170.40545,106.31274
240624,164.8,164.8,158.4,162.8,219207.0,1.380314,49.0766,163.7,173.85,174.73,162.01,149.29,214.33,234.00657,170.29775,106.58892
240625,163.4,165.6,162.9,164.4,130504.0,1.118251,50.3545,163.8,173.47,174.04,162.78,151.52,213.84,233.72807,170.25234,106.77661
240626,164.0,166.0,163.4,164.8,168127.0,0.92859,50.6877,163.94,173.11,172.95,163.56,154.17,213.35,233.37669,170.19903,107.02138
240627,170.4,176.6,170.4,175.6,266139.0,1.455838,58.7394,165.61,173.22,174.71,164.51,154.31,212.97,232.967,170.25929,107.55157
240628,171.6,175.6,171.6,174.6,205029.0,1.648425,57.7984,166.89,173.27,175.83,165.41,154.99,212.59,232.65343,170.30142,107.94941
240701,170.2,173.0,168.81,172.4,136700.0,1.540819,55.6848,167.68,173.24,176.62,165.77,154.92,212.19,171.40333,171.40333,171.40333
240702,169.4,170.6,165.2,165.2,232732.0,0.928099,49.3272,167.33,172.91,176.66,165.87,155.08,211.72,172.88132,168.62935,164.37739
240703,162.4,162.6,156.4,157.4,199371.0,-0.009504,43.5292,165.91,172.28,176.85,165.76,154.67,211.18,175.17016,165.18407,155.19798
240705,166.0,169.4,164.838,165.0,287293.0,-0.118772,49.7295,165.78,171.98,176.34,166.22,156.1,210.72,173.81847,165.59637,157.37426
240708,170.0,171.2,169.4,169.6,158826.0,0.10569,53.0869,166.32,171.88,175.91,166.91,157.91,210.31,174.51634,166.29593,158.07552
240709,170.6,171.6,164.0,164.6,263020.0,-0.08533,49.2376,166.08,171.58,175.87,166.81,157.75,209.86,173.72028,166.38595,159.05163
240710,166.2,168.34,164.8,166.4,222966.0,-0.092598,50.6256,166.12,171.37,175.87,166.98,158.09,209.43,173.17314,166.40488,159.63661
240711,159.0,159.326,154.4,156.0,401000.0,-0.762677,43.2647,164.68,170.75,176.53,166.43,156.33,208.89,174.35519,164.33241,154.30963
240712,147.6,151.9,145.032,151.0,351797.0,-1.466713,40.2358,162.72,169.94,177.69,165.59,153.49,208.32,176.2591,161.98756,147.71601
240715,157.4,162.0,157.2,162.0,362511.0,-1.130699,48.7385,162.62,169.62,177.37,165.26,153.15,207.86,175.05886,161.76758,148.4763
240716,166.6,167.5,161.4,161.4,260344.0,-0.898126,48.3345,162.45,169.28,176.32,164.67,153.02,207.4,174.62988,161.91834,149.2068
240717,165.8,169.8,165.2,168.4,245985.0,-0.255517,53.2071,163.3,169.24,176.46,164.74,153.02,207.01,174.98709,162.38168,149.77627
240718,168.0,173.51,165.4,173.0,313724.0,0.457827,56.1347,164.68,169.4,177.37,165.11,152.85,206.67,176.05832,163.13534,150.21237
240719,175.8,177.596,174.868,177.2,266866.0,1.151542,58.6769,166.47,169.72,179.06,165.97,152.88,206.38,178.355,164.1024,149.8498
240722,167.6,169.1,165.026,166.0,260184.0,0.811171,50.3046,166.4,169.56,178.96,165.89,152.82,205.97,178.11069,164.2735,150.43631
240723,174.2,176.0,173.2,173.8,205933.0,1.051185,55.1086,167.46,169.74,179.86,166.44,153.02,205.65,178.94845,164.77039,150.59233
240724,176.4,180.0,173.0,179.4,343221.0,1.499596,58.2305,169.17,170.13,181.71,167.19,152.67,205.39,180.93608,165.73607,150.53607
240725,185.2,186.2,182.2,185.8,361852.0,2.102756,61.5238,171.54,170.77,184.81,168.24,151.67,205.2,184.84097,167.14636,149.45175
240726,186.8,188.8,181.846,183.2,252404.0,2.192139,59.4724,173.21,171.28,186.16,168.62,151.08,204.98,186.84314,168.00641,149.16968
240729,182.6,184.8,181.6,182.8,223416.0,2.090215,59.1456,174.58,171.75,187.47,169.03,150.59,204.76,188.03399,168.63531,149.23662
240730,187.2,189.598,187.1,188.2,304221.0,2.239104,62.1675,176.52,172.42,190.04,169.82,149.6,204.59,190.54519,169.69329,148.84139
240731,175.6,181.194,173.996,180.0,280380.0,1.664369,55.4591,177.02,172.73,191.13,170.56,149.99,204.35,190.79018,170.10447,149.41876
240801,179.8,189.0,179.6,188.0,325530.0,1.696261,59.9947,178.59,173.35,193.07,172.09,151.11,204.19,192.18085,170.90676,149.63267
240802,191.2,195.1,190.494,191.2,451698.0,1.796514,61.6758,180.39,174.08,195.67,173.4,151.13,204.06,195.50999,172.34409,149.17819
240805,204.8,204.8,193.2,195.0,517042.0,1.968554,63.6303,182.48,174.94,198.76,174.67,150.58,203.97,200.01266,174.15524,148.29782
240806,204.4,204.8,197.3,200.2,331587.0,2.261428,66.1727,185.01,175.97,202.48,176.45,150.42,203.93,202.85537,175.32234,147.78931
240807,190.0,199.5,189.4,198.0,357781.0,2.137281,64.1302,186.87,176.87,205.24,178.03,150.82,203.87,204.43592,176.24007,148.04421
240808,190.4,191.9,183.29,184.4,288767.0,1.025868,53.1986,186.51,177.17,204.81,179.45,154.09,203.68,204.55585,176.60212,148.64838
240809,185.6,188.9,185.3,185.4,328052.0,0.283318,53.8219,186.35,177.51,203.0,181.17,159.34,203.49,204.65978,176.98382,149.30787
240812,183.2,183.2,178.752,180.4,191272.0,-0.572662,50.2204,185.5,177.63,202.08,182.09,162.1,203.26,204.46069,177.06712,149.67354
240813,179.8,180.76,177.402,177.8,179518.0,-1.300398,48.4065,184.4,177.63,200.66,182.91,165.16,203.01,204.21886,177.09911,149.97935
240814,181.8,191.2,181.8,188.2,265292.0,-1.07701,55.353,184.95,178.07,200.47,183.9,167.33,202.86,204.32011,177.38743,150.45475
240815,181.8,181.8,174.4,176.8,350311.0,-1.657958,47.7618,183.78,178.01,200.24,184.09,167.94,202.6,203.83051,177.3977,150.9649
240816,171.8,171.8,165.1,166.2,210539.0,-2.65776,41.9948,181.27,177.53,201.27,183.54,165.81,202.24,203.48506,177.18791,150.89076
240819,164.0,164.0,159.2,161.6,283291.0,-3.478717,39.7516,178.46,176.88,202.0,183.32,164.64,201.84,203.17981,176.747,150.31419
240820,166.2,173.2,166.2,172.8,283087.0,-3.128294,47.1533,177.65,176.71,202.05,183.27,164.49,201.55,202.72275,176.58169,150.44064
240821,172.4,172.4,167.0,167.4,282711.0,-3.114285,44.3258,176.19,176.33,202.64,182.67,162.7,201.21,202.28451,176.37734,150.47017
240822,165.8,173.4,165.8,171.6,300741.0,-2.692121,46.9884,175.53,176.14,202.43,181.96,161.49,200.91,201.83357,176.20847,150.58336
240823,166.6,168.3,162.0,163.2,229318.0,-2.834231,42.6003,173.77,175.61,202.99,180.96,158.93,200.54,201.54372,175.96682,150.38993
240826,168.6,169.8,165.6,167.4,342290.0,-2.512004,45.3485,172.86,175.28,202.97,180.19,157.41,200.21,201.06921,175.71678,150.36435
240827,161.0,163.6,159.9,162.4,276974.0,-2.497029,42.7259,171.37,174.75,202.62,178.9,155.18,199.83,200.78905,175.39212,149.99519
240828,166.8,171.2,164.6,170.0,319999.0,-1.865624,47.6789,171.17,174.56,202.43,178.4,154.37,199.54,200.36422,175.21176,150.0593
240829,166.2,167.4,165.2,166.4,244608.0,-1.591459,45.6644,170.49,174.23,201.47,177.32,153.17,199.21,200.05928,175.03513,150.01097
240830,161.2,167.39,160.8,164.4,280802.0,-1.449841,44.5386,169.62,173.82,199.87,175.98,152.09,198.86,199.74274,174.79312,149.8435
240903,172.0,174.1,170.8,173.2,304794.0,-0.706189,50.3402,170.13,173.8,197.14,174.89,152.64,198.61,199.40446,174.74359,150.08272
240904,173.0,173.8,170.4,173.0,318003.0,-0.196928,50.2116,170.54,173.77,192.52,173.53,154.54,198.35,199.0597,174.68712,150.31455
240905,175.2,176.8,172.6,175.8,246373.0,0.330628,52.0575,171.29,173.85,187.81,172.42,157.03,198.13,198.84254,174.69408,150.54562
240906,177.0,184.3,176.2,183.0,352594.0,1.122039,56.5215,172.96,174.22,187.53,172.35,157.17,197.98,198.78476,174.85948,150.93421
240909,185.4,186.6,181.38,182.8,299881.0,1.562535,56.3645,174.37,174.57,186.99,172.22,157.45,197.82,198.84852,175.04527,151.24202
240910,183.2,188.064,182.8,184.6,296399.0,1.884066,57.5084,175.83,174.98,187.77,172.43,157.09,197.69,198.98469,175.25344,151.52219
240911,183.6,185.6,178.4,178.8,269076.0,1.624868,52.7131,176.26,175.14,187.89,172.48,157.07,197.5,198.91955,175.35767,151.79579
240912,180.0,182.7,177.9,179.0,189629.0,1.394472,52.8591,176.65,175.3,186.01,172.02,158.03,197.32,198.84811,175.41524,151.98237
240913,175.2,178.8,174.6,176.4,262043.0,1.012337,50.6692,176.61,175.34,185.97,172.0,158.03,197.11,198.66669,175.43578,152.20486
240916,173.3,174.598,172.0,173.6,167683.0,0.540057,48.3464,176.18,175.27,186.09,172.37,158.65,196.88,198.52044,175.41343,152.30642
240917,167.4,167.6,163.4,167.0,267060.0,-0.207705,43.3067,174.87,174.93,185.7,172.64,159.58,196.58,198.2897,175.25176,152.21382
240918,165.2,170.598,164.62,169.6,247622.0,-0.501338,45.7077,174.12,174.71,185.61,172.48,159.35,196.31,198.06469,175.14236,152.22003
240919,155.4,158.61,151.002,152.2,359363.0,-1.77015,35.0191,170.99,173.8,187.44,171.72,156.0,195.87,198.18373,174.6707,151.15768
240920,149.8,152.4,148.4,151.8,278261.0,-2.494738,34.8175,168.25,172.9,188.69,170.73,152.77,195.44,198.37632,174.26767,150.15902
240923,146.2,146.6,139.6,143.0,451518.0,-3.370615,30.6391,164.64,171.68,191.19,169.72,148.25,194.91,199.26018,173.43339,147.60661
240924,115.0,116.798,98.2,99.8,2734386.0,-6.483047,18.7459,155.38,168.74,203.65,166.34,129.03,193.97,217.04031,163.88695,110.73358
240925,108.6,109.0,104.2,107.2,1011182.0,-7.590199,24.1755,148.49,166.23,208.94,163.58,118.22,193.1,218.48583,161.08907,103.69231
240926,82.8,89.0,80.002,82.4,3595447.0,-9.420072,19.4779,139.05,162.81,216.57,159.2,101.83,192.0,225.94227,149.61909,73.2959
240927,83.2,83.756,78.0,80.0,2956150.0,-10.156021,19.0913,130.62,159.43,221.67,154.88,88.09,190.89,226.01253,142.11179,58.21104
240930,75.4,83.2,75.2,83.2,4312669.0,-9.787213,21.3334,123.84,156.32,224.33,150.82,77.31,189.82,222.38144,133.68002,44.97861
241001,81.2,83.0,72.6,72.8,3634442.0,-9.590913,19.4472,116.55,152.91,225.93,145.8,65.67,188.65,76.13333,76.13333,76.13333
241002,59.6,63.8,57.0,57.0,8252718.0,-9.835782,16.9896,108.04,148.99,227.84,140.0,52.16,187.34,79.96527,64.42357,48.88187
241003,63.4,63.8,59.6,61.2,4229358.0,-9.04556,19.8878,101.35,145.41,226.84,134.27,41.7,186.09,77.25278,63.6651,50.07743
241004,56.2,57.4,55.0,55.2,4032550.0,-8.278313,18.874,94.76,141.73,223.7,127.88,32.06,184.78,75.76513,62.10436,48.44358
241007,51.8,54.0,47.8,47.8,6449589.0,-7.636161,17.6772,88.05,137.9,219.51,121.13,22.75,183.42,74.99259,59.13699,43.28138
241008,64.6,69.2,62.8,65.0,9839613.0,-5.518762,28.9542,84.76,134.92,211.9,115.15,18.4,182.24,75.63559,60.90023,46.16487
241009,71.0,71.2,65.6,67.0,7357504.0,-3.545153,30.1523,82.22,132.15,203.84,109.56,15.28,181.1,76.51468,62.08176,47.64885
241010,64.0,68.0,62.8,64.8,4180330.0,-2.025083,29.5617,79.73,129.4,194.37,103.85,13.33,179.94,76.25497,62.35346,48.45195
241011,68.4,69.2,62.6,63.8,4696366.0,-0.787771,29.281,77.46,126.72,183.87,98.22,12.57,178.78,75.9734,62.60727,49.24113
241014,66.6,68.6,62.8,67.6,4144200.0,0.515573,31.9266,76.05,124.31,172.13,92.92,13.71,177.68,75.89356,62.87904,49.86453
241015,73.2,79.0,72.4,78.0,5255990.0,2.212002,38.687,76.33,122.42,160.18,88.47,16.76,176.69,78.59915,64.02957,49.45999
241016,74.8,75.2,71.8,74.2,2385110.0,3.154628,37.232,76.02,120.45,145.14,83.7,22.26,175.67,79.14802,64.38864,49.62926
241017,78.4,81.0,78.2,79.6,2745868.0,4.155302,40.648,76.53,118.78,132.87,80.07,27.27,174.71,80.66935,65.01016,49.35097
241018,67.4,70.4,67.202,69.2,2906832.0,4.122113,36.5252,75.49,116.76,117.34,75.94,34.54,173.66,80.58359,65.17284,49.7621
241021,72.6,74.0,71.4,72.2,1438677.0,4.288421,38.4641,75.02,114.94,100.1,72.4,44.7,172.65,80.71518,65.32085,49.92651
241022,72.2,72.3,68.8,70.6,2030122.0,4.267715,37.8009,74.39,113.13,95.62,70.94,46.26,171.64,80.74302,65.46558,50.18814
241023,68.4,71.8,68.2,71.2,1528314.0,4.26155,38.231,73.93,111.42,87.39,69.14,50.89,170.64,80.75126,65.56599,50.38072
241024,72.2,74.4,71.2,72.4,1387229.0,4.2934,39.1375,73.71,109.83,85.93,68.64,51.35,169.66,80.86057,65.69476,50.52895
241025,70.8,72.798,70.0,72.6,1315008.0,4.273804,39.2974,73.55,108.31,84.88,68.27,51.66,168.69,80.91716,65.79793,50.67869
241028,71.6,71.8,68.2,69.0,1507842.0,3.970743,37.3931,72.9,106.7,82.71,67.56,52.41,167.7,80.88354,65.87147,50.85941
241029,67.8,70.8,67.4,70.4,1825257.0,3.815935,38.6384,72.55,105.22,82.45,67.44,52.43,166.73,80.83579,65.95385,51.0719
241030,74.2,75.0,72.2,72.8,1089918.0,3.817286,40.8118,72.58,103.9,82.61,68.23,53.85,165.8,80.93069,66.05165,51.17262
241031,73.6,76.2,73.4,73.8,1184175.0,3.818398,41.7378,72.76,102.67,83.06,68.86,54.66,164.88,81.07771,66.17111,51.26451
241101,71.8,73.378,70.8,72.8,766375.0,3.682964,41.0462,72.76,101.45,82.56,69.74,56.92,163.97,81.11173,66.22714,51.34256
241104,70.91,71.76,68.85,71.76,565509.0,3.458098,40.2984,72.62,100.24,78.88,70.94,62.99,163.05,81.11102,66.25759,51.40416
241105,66.47,67.95,65.67,66.68,1198328.0,2.923261,36.774,71.77,98.87,78.75,71.02,63.3,162.09,81.01469,66.26469,51.51469
241106,73.12,75.1,70.89,72.39,1603107.0,2.904107,42.8267,71.86,97.79,78.81,71.29,63.77,161.2,81.10305,66.38423,51.66542
241107,63.04,63.69,59.2,60.63,2773529.0,2.087663,35.326,70.25,96.27,79.49,71.08,62.68,160.2,80.82641,66.22422,51.62203
241108,68.18,72.01,67.66,70.86,2348892.0,2.212885,44.4417,70.34,95.23,79.15,71.44,63.72,159.31,80.79379,66.3244,51.85501
241111,70.05,71.7258,69.9,71.03,820664.0,2.274712,44.5815,70.44,94.25,79.13,71.61,64.09,158.43,80.79529,66.36444,51.93359
241112,77.31,79.9,76.47,79.06,1548231.0,2.789984,50.8697,71.67,93.63,79.37,71.66,63.95,157.64,81.19939,66.56175,51.9241
241113,77.15,79.93,76.93,79.28,1047052.0,3.057682,51.0336,72.76,93.04,80.25,71.91,63.58,156.86,81.46886,66.69416,51.91945
241114,80.34,82.92,80.0,81.89,1599764.0,3.301726,53.0357,74.06,92.59,80.84,72.03,63.22,156.11,82.07236,66.93831,51.80427
241115,80.61,81.94,80.21,80.59,1407179.0,3.261099,51.8975,75.0,92.1,82.05,72.6,63.15,155.36,82.52255,67.13676,51.75097
241118,77.58,78.24,76.0,76.0,742876.0,2.826783,47.9821,75.14,91.44,82.35,72.79,63.23,154.57,82.62545,67.20827,51.79109
241119,78.29,78.85,77.91,78.4,581857.0,2.60812,50.1019,75.6,90.91,82.99,73.18,63.37,153.81,82.73885,67.27304,51.80722
241120,77.67,78.4,77.1,77.46,513956.0,2.316992,49.2552,75.87,90.36,83.42,73.49,63.56,153.05,82.82289,67.32589,51.82889
241121,79.13,79.77,78.46,78.86,499592.0,2.139758,50.5943,76.3,89.89,84.0,73.81,63.63,152.32,82.92895,67.38354,51.83813
241122,84.2,85.08,83.87,84.39,825759.0,2.301891,55.5806,77.45,89.66,85.56,74.4,63.25,151.64,83.30222,67.52133,51.74043
241125,85.17,85.78,83.72,84.21,672274.0,2.298589,55.3847,78.42,89.44,86.81,75.16,63.52,150.97,83.59995,67.63268,51.6654
241126,84.12,87.03,84.08,85.64,632504.0,2.289275,56.6909,79.45,89.29,88.2,75.93,63.65,150.32,83.90462,67.74231,51.57999
241127,79.0,79.9,77.93,78.85,1057201.0,1.746883,49.3088,79.36,88.86,88.48,76.23,63.98,149.61,84.0894,67.85499,51.62058
241129,81.01,82.24,79.04,79.16,536500.0,1.347924,49.6312,79.34,88.46,88.76,76.5,64.24,148.91,84.20509,67.9177,51.63031
241202,78.78,80.5299,78.3201,78.63,531635.0,1.003102,49.0566,79.23,88.06,88.96,76.79,64.62,148.21,84.29831,67.97425,51.65019
241203,77.98,78.19,76.4,77.68,731165.0,0.681199,47.9843,79.01,87.64,89.04,77.08,65.13,147.51,84.38178,68.03917,51.69656
241204,77.07,79.91,77.07,79.3,589862.0,0.552993,49.9918,79.05,87.3,88.7,77.72,66.73,146.83,84.47291,68.09826,51.72362
241205,78.82,79.01,77.64,78.27,393029.0,0.382537,48.7047,78.94,86.93,88.72,78.01,67.3,146.15,84.5267,68.13562,51.74454
241206,74.79,75.82,74.17,75.75,514175.0,0.098576,45.6107,78.49,86.47,86.04,78.77,71.49,145.45,84.55079,68.1695,51.78821
241209,60.08,60.3508,53.88,57.4,6487606.0,-1.252102,30.4443,75.47,85.29,89.49,78.09,66.69,144.57,84.24617,67.54803,50.8499
241210,63.5,64.99,63.27,64.67,2026357.0,-1.56271,39.0863,73.93,84.45,90.25,77.77,65.3,143.77,84.06552,67.49168,50.91784
241211,66.87,67.99,66.49,66.65,792061.0,-1.539173,41.228,72.89,83.72,90.51,77.15,63.79,143.01,84.00657,67.48865,50.97073
241212,66.86,67.51,65.25,66.56,817995.0,-1.436029,41.1572,71.99,83.02,90.6,76.52,62.43,142.25,83.94289,67.48138,51.01988
241213,69.16,70.81,69.05,69.34,999324.0,-1.101966,44.3385,71.61,82.46,90.08,75.89,61.7,141.52,83.8977,67.50029,51.10287
241216,72.29,72.73,70.85,72.65,671873.0,-0.604345,47.947,71.76,82.06,89.58,75.49,61.41,140.84,83.8916,67.52597,51.16034
241217,71.46,71.8,68.79,69.1,800717.0,-0.466706,44.6069,71.38,81.53,89.5,75.15,60.79,140.12,83.85744,67.54172,51.22601
241218,70.03,73.55,69.31,73.29,765131.0,-0.066901,49.1128,71.65,81.19,89.19,74.89,60.6,139.46,83.84999,67.57017,51.29034
241219,71.05,72.09,70.47,72.0,733963.0,0.126699,47.823,71.7,80.82,88.92,74.62,60.32,138.79,83.83621,67.59393,51.35165
241220,72.28,72.71,69.8001,70.69,606320.0,0.17934,46.4878,71.56,80.41,88.47,74.21,59.95,138.11,83.82049,67.6111,51.4017
241223,69.45,69.98,67.57,67.93,461945.0,0.047925,43.7185,71.04,79.9,87.09,73.39,59.69,137.41,83.79372,67.61441,51.4351
241224,66.02,66.6,65.29,65.61,431822.0,-0.163991,41.4815,70.26,79.31,85.61,72.46,59.31,136.7,83.76055,67.60818,51.45581
241226,66.51,66.51,63.89,65.04,594905.0,-0.303201,40.9274,69.52,78.73,83.47,71.43,59.39,135.98,83.71358,67.59638,51.47918
241227,67.3,67.84,66.73,67.07,500462.0,-0.222926,43.8063,69.17,78.26,82.52,70.84,59.16,135.3,83.67972,67.59484,51.50997
241230,67.8,69.7,67.8,69.3,569114.0,0.003982,46.8694,69.19,77.89,81.39,70.35,59.3,134.64,83.65021,67.60093,51.55165
241231,69.62,70.4,68.96,70.0,632671.0,0.213252,47.8308,69.3,77.57,80.29,69.91,59.54,134.0,83.62378,67.61192,51.60006
250102,72.67,73.86,72.15,73.67,798833.0,0.589548,52.6664,69.93,77.41,79.62,69.71,59.81,133.4,73.22667,73.22667,73.22667
250103,71.19,71.73,70.3,70.33,590033.0,0.602102,48.2804,69.98,77.12,78.16,69.27,60.37,132.77,74.60235,72.19008,69.77781
250106,69.71,73.48,68.53,73.01,1091187.0,0.768821,51.7524,70.42,76.95,77.09,69.0,60.92,132.17,73.8394,71.96272,70.08604
250107,74.5,75.89,73.78,75.51,811439.0,1.010189,54.8007,71.14,76.89,77.04,68.99,60.95,131.61,75.85381,72.72628,69.59875
250108,77.79,78.64,76.4843,76.73,599618.0,1.201703,56.2533,71.94,76.89,76.75,69.96,63.17,131.06,77.80012,73.42874,69.05736
250110,80.19,83.49,80.19,83.13,1090708.0,1.679767,62.9752,73.54,77.14,79.35,70.88,62.41,130.59,83.63445,75.36443,67.0944
250113,83.0,83.3982,81.45,82.36,525537.0,1.850972,61.7459,74.8,77.35,81.26,71.67,62.07,130.11,84.92262,76.03605,67.14948
250114,76.33,77.4,75.55,76.63,489529.0,1.500116,53.3934,75.06,77.32,81.7,72.17,62.64,129.58,84.59648,76.0761,67.55573
250115,74.12,75.17,73.57,73.99,390304.0,1.034211,50.0351,74.91,77.19,81.87,72.4,62.93,129.02,84.26661,75.96411,67.66161
250116,73.7,74.415,73.3323,73.73,319076.0,0.670149,49.7035,74.74,77.05,81.94,72.46,62.97,128.47,84.01593,75.86237,67.7088
250117,72.5,72.65,67.4,69.68,1200939.0,0.145607,44.731,74.02,76.75,81.93,72.48,63.04,127.89,83.59772,74.95833,66.31893
250121,66.46,68.75,66.1,67.45,597550.0,-0.336206,42.226,73.08,76.37,81.88,72.19,62.5,127.29,83.60518,74.42962,65.25405
250122,68.69,70.15,68.35,68.69,575846.0,-0.543766,44.1006,72.45,76.05,81.84,72.03,62.22,126.7,83.34639,74.08931,64.83224
250123,69.56,70.15,68.35,68.7,760068.0,-0.645806,44.1163,71.92,75.75,81.83,71.93,62.03,126.13,82.98936,73.70138,64.41339
250124,65.8,66.3421,63.36,63.76,1072828.0,-0.990784,38.3663,70.75,75.26,82.11,71.72,61.33,125.51,83.18251,72.79561,62.40872
250127,61.79,63.06,61.0001,61.6,1024304.0,-1.290276,36.1478,69.44,74.71,82.51,71.52,60.53,124.87,83.5202,71.85959,60.19898
250128,62.09,64.11,59.85,60.15,831418.0,-1.497306,34.6973,68.12,74.11,83.02,71.27,59.52,124.23,83.58256,71.1766,58.77064
250129,58.76,60.88,57.68,60.5,1053020.0,-1.517246,35.3714,67.03,73.56,83.49,70.95,58.4,123.59,83.69336,70.30126,56.90917
250130,60.04,60.2,54.89,56.25,1912836.0,-1.708979,31.1644,65.49,72.85,84.37,70.29,56.21,122.92,83.92423,68.69807,53.47191
250131,56.64,60.32,56.3758,59.83,1844430.0,-1.49475,37.8681,64.68,72.32,84.59,69.78,54.98,122.29,83.28458,67.66397,52.04337
250203,63.2,63.73,58.957,60.85,1478384.0,-1.19727,39.6708,64.13,71.85,84.32,69.14,53.96,121.68,82.55936,67.16091,51.76246
250204,57.4,58.05,55.2,56.46,2218537.0,-1.205727,34.9682,63.04,71.22,84.59,68.45,52.31,121.03,82.00316,66.05657,50.10999
250205,58.9,59.57,58.36,59.34,1217810.0,-0.938795,39.9937,62.51,70.74,84.23,67.77,51.31,120.42,81.50558,65.67941,49.85325
250206,56.84,58.03,56.5583,57.54,734335.0,-0.809774,38.0163,61.8,70.2,83.5,66.87,50.24,119.79,81.25965,65.41692,49.57419
250207,54.42,55.95,52.672,55.29,5477293.0,-0.800828,35.644,60.87,69.59,82.51,65.8,49.08,119.15,79.93916,63.36009,46.78102
250210,51.64,52.59,50.58,50.7,3052228.0,-1.015121,31.3466,59.42,68.82,80.13,64.17,48.22,118.47,79.49378,62.20005,44.90632
250211,52.23,53.01,51.02,52.13,1818302.0,-0.971606,34.0157,58.38,68.14,77.09,62.66,48.24,117.81,79.08534,61.65056,44.21579
250212,50.18,50.8,47.29,48.12,4842571.0,-1.113736,30.4416,56.91,67.32,75.5,61.24,46.98,117.12,78.43859,60.02281,41.60704
250213,50.89,51.23,48.15,48.18,2946119.0,-1.102498,30.5592,55.66,66.54,74.03,59.95,45.87,116.43,77.85362,59.25104,40.64845
250214,43.93,45.5387,43.66,44.45,2299649.0,-1.226143,27.5578,54.08,65.64,72.59,58.49,44.39,115.72,77.73256,58.47923,39.22589
